-1 0
2 0
3 0
4 0
-1 5 0
-5 1 0
-2 6 0
-6 2 0
-7 0
-8 0
-9 0
-1 10 0
-10 1 0
-2 11 0
-11 2 0
-12 0
13 0
-5 -9 -13 -17 0
-5 9 -13 17 0
5 -9 -13 17 0
5 9 -13 -17 0
-5 -9 13 17 0
-5 9 13 -17 0
5 -9 13 -17 0
5 9 13 17 0
-5 -9 -17 -14 0
-5 9 -17 -14 0
5 -9 -17 -14 0
5 9 -17 14 0
-5 -9 17 -14 0
-5 9 17 14 0
5 -9 17 14 0
5 9 17 14 0
-6 -10 -14 -18 0
-6 10 -14 18 0
6 -10 -14 18 0
6 10 -14 -18 0
-6 -10 14 18 0
-6 10 14 -18 0
6 -10 14 -18 0
6 10 14 18 0
-6 -10 -18 -15 0
-6 10 -18 -15 0
6 -10 -18 -15 0
6 10 -18 15 0
-6 -10 18 -15 0
-6 10 18 15 0
6 -10 18 15 0
6 10 18 15 0
-7 -11 -15 -19 0
-7 11 -15 19 0
7 -11 -15 19 0
7 11 -15 -19 0
-7 -11 15 19 0
-7 11 15 -19 0
7 -11 15 -19 0
7 11 15 19 0
-7 -11 -19 -16 0
-7 11 -19 -16 0
7 -11 -19 -16 0
7 11 -19 16 0
-7 -11 19 -16 0
-7 11 19 16 0
7 -11 19 16 0
7 11 19 16 0
-8 -12 -16 -20 0
-8 12 -16 20 0
8 -12 -16 20 0
8 12 -16 -20 0
-8 -12 16 20 0
-8 12 16 -20 0
8 -12 16 -20 0
8 12 16 20 0
